9 0.38740079365079366 0.5180753564154786 0.027447089947089946 0.10539714867617107
8 0.7933201058201058 0.5369144602851323 0.03505291005291005 0.12169042769857434
7 0.34871031746031744 0.5460794297352343 0.018187830687830687 0.08604887983706722
11 0.3229166666666667 0.6033604887983707 0.018187830687830687 0.11303462321792261
11 0.1691468253968254 0.6089613034623218 0.016865079365079364 0.0814663951120163
7 0.4341931216931217 0.40376782077393075 0.018518518518518517 0.09674134419551934
16 0.6474867724867724 0.4315173116089613 0.018518518518518517 0.0554989816700611
12 0.4556878306878307 0.4332993890020367 0.025793650793650792 0.12321792260692464
9 0.4039351851851852 0.4671588594704684 0.02546296296296296 0.10845213849287169
3 0.26339285714285715 0.48828920570264767 0.018187830687830687 0.16191446028513237
9 0.3955026455026455 0.4923625254582485 0.02513227513227513 0.13034623217922606
11 0.5363756613756614 0.4994908350305499 0.017857142857142856 0.0814663951120163